
% example 1
sol_mine1=2.718281826174464;
sol_lib1= 2.718281826174461;

% example 2

sol_mine2=1.000000227104983;
sol_lib2= 1.000000227104981;