
 %     RIDC1   

% example 1

  sol1=2.704813829421526;   %forward Euler code
  sol2=2.704813829421526;   % RIDC1 from my code 
  sol3=2.7048138294215258;  % RIDC1 from lib
  
  % Example 2 
  
  s0la=1.007757334669201;   %forward Euler code
  solb=1.007757334669201;   % RIDC1 from my code 
  solc=1.0077573346692015;  % RIDC1 from lib
  
  
  %    RIDC4 
  
   % Examole 1
  
  sol_1=2.718281828037972;   %RIDC4 from my code for n=100
  sol_2=2.718281828459046;   %  Exact solution
  sol_3=2.7182818261744610;  % RIDC1 from lib
  
  
  % Examole 2
  
  sol_a=1.000000179069534;   %RIDC4 from my code for n=100
  sol_b=1.000000000000000;   %  Exact solution
  sol_c=1.0000002271049815;  % RIDC1 from lib
  
  